0.010000 0.008030
0.012589 0.009892
0.015849 0.012373
0.019953 0.015548
0.025119 0.019677
0.031623 0.024803
0.039811 0.031224
0.050119 0.039227
0.063096 0.049314
0.079433 0.061976
0.100000 0.077831
0.125893 0.097539
0.158489 0.121926
0.199526 0.151789
0.251189 0.187758
0.316228 0.230039
0.398107 0.277833
0.501187 0.328481
0.630957 0.377157
0.794328 0.416922
1.000000 0.440120
1.258926 0.440091
1.584894 0.418956
1.995262 0.379039
2.511887 0.331777
3.162278 0.279597
3.981073 0.228823
5.011873 0.187178
6.309573 0.150516
7.943285 0.121382
10.000001 0.097289
12.589259 0.076261
15.848935 0.060959
19.952623 0.048700
25.118872 0.039072
31.622780 0.031533
39.810734 0.025967
50.118721 0.020264
63.095718 0.020278
79.432869 0.019509
100.000038 0.010889
