0.010000 0.008030
0.012589 0.009893
0.015849 0.012373
0.019953 0.015548
0.025119 0.019677
0.031623 0.024802
0.039811 0.031225
0.050119 0.039228
0.063096 0.049314
0.079433 0.061975
0.100000 0.077831
0.125893 0.097538
0.158489 0.121924
0.199526 0.151788
0.251189 0.187758
0.316228 0.230038
0.398107 0.277834
0.501187 0.328482
0.630957 0.377155
0.794328 0.416923
1.000000 0.440120
1.258926 0.440090
1.584894 0.418954
1.995262 0.379040
2.511887 0.331781
3.162278 0.279595
3.981073 0.228823
5.011873 0.187177
6.309573 0.150517
7.943285 0.121381
10.000001 0.097292
12.589259 0.076260
15.848935 0.060959
19.952623 0.048702
25.118872 0.039072
31.622780 0.031532
39.810734 0.025967
50.118721 0.020263
63.095718 0.020277
79.432869 0.019510
100.000038 0.010888
