0.010000 0.887861
0.012589 0.887653
0.015849 0.887650
0.019953 0.887722
0.025119 0.887551
0.031623 0.887307
0.039811 0.886849
0.050119 0.886153
0.063096 0.885216
0.079433 0.883689
0.100000 0.880842
0.125893 0.876881
0.158489 0.870796
0.199526 0.860670
0.251189 0.845341
0.316228 0.822887
0.398107 0.789977
0.501187 0.740032
0.630957 0.674252
0.794328 0.592910
1.000000 0.498092
1.258926 0.394253
1.584894 0.299072
1.995262 0.214160
2.511887 0.150006
3.162278 0.099722
3.981073 0.063163
5.011873 0.041000
6.309573 0.025362
7.943285 0.016116
10.000001 0.009990
12.589259 0.004108
15.848935 0.001389
19.952623 -0.000636
25.118872 -0.001468
31.622780 -0.004354
39.810734 -0.005759
50.118721 -0.003156
63.095718 -0.008992
79.432869 -0.010034
100.000038 -0.002887
