0.010000 0.887861
0.012589 0.887654
0.015849 0.887651
0.019953 0.887722
0.025119 0.887552
0.031623 0.887307
0.039811 0.886849
0.050119 0.886154
0.063096 0.885216
0.079433 0.883690
0.100000 0.880843
0.125893 0.876882
0.158489 0.870798
0.199526 0.860672
0.251189 0.845343
0.316228 0.822887
0.398107 0.789978
0.501187 0.740032
0.630957 0.674254
0.794328 0.592907
1.000000 0.498092
1.258926 0.394255
1.584894 0.299071
1.995262 0.214161
2.511887 0.150004
3.162278 0.099725
3.981073 0.063165
5.011873 0.040998
6.309573 0.025361
7.943285 0.016116
10.000001 0.009990
12.589259 0.004108
15.848935 0.001389
19.952623 -0.000636
25.118872 -0.001469
31.622780 -0.004354
39.810734 -0.005759
50.118721 -0.003156
63.095718 -0.008993
79.432869 -0.010035
100.000038 -0.002889
