0.010000 1.150932
0.012589 1.150641
0.015849 1.150596
0.019953 1.150623
0.025119 1.150297
0.031623 1.149821
0.039811 1.148966
0.050119 1.147658
0.063096 1.145800
0.079433 1.142798
0.100000 1.137525
0.125893 1.129899
0.158489 1.118156
0.199526 1.099164
0.251189 1.070510
0.316228 1.028727
0.398107 0.968690
0.501187 0.882149
0.630957 0.772559
0.794328 0.644926
1.000000 0.508397
1.258926 0.374375
1.584894 0.264245
1.995262 0.176938
2.511887 0.117457
3.162278 0.074677
3.981073 0.045378
5.011873 0.028643
6.309573 0.017064
7.943285 0.010537
10.000001 0.006268
12.589259 0.001471
15.848935 -0.000491
19.952623 -0.002015
25.118872 -0.002431
31.622780 -0.005325
39.810734 -0.006605
50.118721 -0.003537
63.095718 -0.009647
79.432869 -0.010524
100.000038 -0.003028
