0.010000 0.016650
0.012589 0.020712
0.015849 0.025946
0.019953 0.032601
0.025119 0.041146
0.031623 0.051805
0.039811 0.065155
0.050119 0.081799
0.063096 0.102617
0.079433 0.128490
0.100000 0.160470
0.125893 0.199348
0.158489 0.245929
0.199526 0.300022
0.251189 0.360111
0.316228 0.422419
0.398107 0.480381
0.501187 0.524828
0.630957 0.547766
0.794328 0.545067
1.000000 0.517495
1.258926 0.469145
1.584894 0.411850
1.995262 0.349823
2.511887 0.292703
3.162278 0.239128
3.981073 0.191987
5.011873 0.155047
6.309573 0.123983
7.943285 0.099753
10.000001 0.080159
12.589259 0.063362
15.848935 0.050952
19.952623 0.041040
25.118872 0.033344
31.622780 0.025416
39.810734 0.019834
50.118721 0.017693
63.095718 0.009639
79.432869 0.006516
100.000038 0.009697
