0.010000 0.137578
0.012589 0.172366
0.015849 0.216054
0.019953 0.270593
0.025119 0.338328
0.031623 0.420917
0.039811 0.520035
0.050119 0.635597
0.063096 0.764857
0.079433 0.899062
0.100000 1.022260
0.125893 1.112517
0.158489 1.146368
0.199526 1.111739
0.251189 1.016289
0.316228 0.886339
0.398107 0.750143
0.501187 0.625802
0.630957 0.523769
0.794328 0.443386
1.000000 0.378618
1.258926 0.323173
1.584894 0.274840
1.995262 0.229969
2.511887 0.190312
3.162278 0.154445
3.981073 0.123507
5.011873 0.099083
6.309573 0.079211
7.943285 0.064160
10.000001 0.052431
12.589259 0.043005
15.848935 0.035844
19.952623 0.029959
25.118872 0.025259
31.622780 0.020230
39.810734 0.016177
50.118721 0.014789
63.095718 0.008319
79.432869 0.005714
100.000038 0.008413
