0.010000 0.029797
0.012589 0.037161
0.015849 0.046607
0.019953 0.058562
0.025119 0.073841
0.031623 0.092917
0.039811 0.116789
0.050119 0.146474
0.063096 0.183464
0.079433 0.229149
0.100000 0.284989
0.125893 0.351947
0.158489 0.430059
0.199526 0.517262
0.251189 0.607956
0.316228 0.692153
0.398107 0.756099
0.501187 0.784630
0.630957 0.771376
0.794328 0.720466
1.000000 0.642926
1.258926 0.551032
1.584894 0.461692
1.995262 0.377849
2.511887 0.307636
3.162278 0.246402
3.981073 0.195237
5.011873 0.156205
6.309573 0.124225
7.943285 0.099526
10.000001 0.079711
12.589259 0.063085
15.848935 0.050716
19.952623 0.040763
25.118872 0.033065
31.622780 0.025224
39.810734 0.019726
50.118721 0.017533
63.095718 0.009479
79.432869 0.006329
100.000038 0.009616
