0.010000 0.063130
0.012589 0.079064
0.015849 0.099172
0.019953 0.124419
0.025119 0.156007
0.031623 0.194954
0.039811 0.242524
0.050119 0.299502
0.063096 0.366216
0.079433 0.441013
0.100000 0.519335
0.125893 0.593311
0.158489 0.651798
0.199526 0.683333
0.251189 0.681207
0.316228 0.647465
0.398107 0.591080
0.501187 0.523111
0.630957 0.455872
0.794328 0.395442
1.000000 0.342702
1.258926 0.295871
1.584894 0.254744
1.995262 0.216281
2.511887 0.181590
3.162278 0.149230
3.981073 0.120462
5.011873 0.097384
6.309573 0.078227
7.943285 0.063567
10.000001 0.052108
12.589259 0.042664
15.848935 0.035603
19.952623 0.029839
25.118872 0.025187
31.622780 0.020114
39.810734 0.016120
50.118721 0.014637
63.095718 0.008313
79.432869 0.005708
100.000038 0.008523
