0.010000 1.470772
0.012589 1.468807
0.015849 1.466238
0.019953 1.462301
0.025119 1.455749
0.031623 1.445475
0.039811 1.429399
0.050119 1.404750
0.063096 1.367785
0.079433 1.313323
0.100000 1.235606
0.125893 1.131982
0.158489 1.002499
0.199526 0.853312
0.251189 0.698552
0.316228 0.554052
0.398107 0.430675
0.501187 0.331190
0.630957 0.256333
0.794328 0.200613
1.000000 0.157344
1.258926 0.121294
1.584894 0.091998
1.995262 0.066618
2.511887 0.047073
3.162278 0.031228
3.981073 0.019403
5.011873 0.012078
6.309573 0.007172
7.943285 0.004335
10.000001 0.002451
12.589259 0.002045
15.848935 0.001557
19.952623 0.001489
25.118872 0.000750
31.622780 0.002900
39.810734 0.003059
50.118721 0.000559
63.095718 0.003790
79.432869 0.002493
100.000038 -0.000019
