0.010000 1.125876
0.012589 1.125500
0.015849 1.125328
0.019953 1.125178
0.025119 1.124600
0.031623 1.123724
0.039811 1.122219
0.050119 1.119887
0.063096 1.116376
0.079433 1.110868
0.100000 1.101715
0.125893 1.088125
0.158489 1.067469
0.199526 1.035680
0.251189 0.989510
0.316228 0.925598
0.398107 0.841135
0.501187 0.733677
0.630957 0.613555
0.794328 0.491090
1.000000 0.375361
1.258926 0.272468
1.584894 0.192079
1.995262 0.129922
2.511887 0.086825
3.162278 0.055882
3.981073 0.035044
5.011873 0.022344
6.309573 0.014198
7.943285 0.009045
10.000001 0.005762
12.589259 0.004762
15.848935 0.003480
19.952623 0.002834
25.118872 0.001593
31.622780 0.003984
39.810734 0.004081
50.118721 0.000787
63.095718 0.004446
79.432869 0.002905
100.000038 0.000072
