0.010000 2.289290
0.012589 2.284149
0.015849 2.276820
0.019953 2.265577
0.025119 2.247364
0.031623 2.218975
0.039811 2.175037
0.050119 2.108484
0.063096 2.010710
0.079433 1.871255
0.100000 1.682135
0.125893 1.446706
0.158489 1.179949
0.199526 0.910795
0.251189 0.673366
0.316228 0.489491
0.398107 0.360456
0.501187 0.273238
0.630957 0.215027
0.794328 0.172896
1.000000 0.138448
1.258926 0.107043
1.584894 0.080016
1.995262 0.056220
2.511887 0.038468
3.162278 0.024458
3.981073 0.014356
5.011873 0.008513
6.309573 0.004720
7.943285 0.002559
10.000001 0.001273
12.589259 0.001344
15.848935 0.001090
19.952623 0.001138
25.118872 0.000593
31.622780 0.002881
39.810734 0.003144
50.118721 0.000449
63.095718 0.003862
79.432869 0.002587
100.000038 -0.000104
