0.010000 1.558037
0.012589 1.557404
0.015849 1.556972
0.019953 1.556452
0.025119 1.555179
0.031623 1.553196
0.039811 1.549936
0.050119 1.544821
0.063096 1.537037
0.079433 1.524805
0.100000 1.505085
0.125893 1.475612
0.158489 1.431282
0.199526 1.364984
0.251189 1.271385
0.316228 1.146986
0.398107 0.992369
0.501187 0.812634
0.630957 0.630960
0.794328 0.465931
1.000000 0.328453
1.258926 0.220842
1.584894 0.145640
1.995262 0.093047
2.511887 0.059404
3.162278 0.036970
3.981073 0.022734
5.011873 0.014189
6.309573 0.009030
7.943285 0.005666
10.000001 0.003562
12.589259 0.003625
15.848935 0.002813
19.952623 0.002450
25.118872 0.001374
31.622780 0.003944
39.810734 0.004105
50.118721 0.000662
63.095718 0.004483
79.432869 0.003005
100.000038 0.000093
