0.010000 0.003365
0.012589 0.004134
0.015849 0.005168
0.019953 0.006495
0.025119 0.008224
0.031623 0.010367
0.039811 0.013048
0.050119 0.016386
0.063096 0.020597
0.079433 0.025878
0.100000 0.032494
0.125893 0.040718
0.158489 0.050880
0.199526 0.063311
0.251189 0.078254
0.316228 0.095791
0.398107 0.115563
0.501187 0.136501
0.630957 0.156807
0.794328 0.174044
1.000000 0.185630
1.258926 0.189520
1.584894 0.186404
1.995262 0.175953
2.511887 0.161465
3.162278 0.142614
3.981073 0.121830
5.011873 0.103490
6.309573 0.086107
7.943285 0.071996
10.000001 0.059874
12.589259 0.048518
15.848935 0.040248
19.952623 0.033263
25.118872 0.027641
31.622780 0.022380
39.810734 0.018472
50.118721 0.015425
63.095718 0.013088
79.432869 0.011834
100.000038 0.008753
