0.010000 0.009435
0.012589 0.011661
0.015849 0.014599
0.019953 0.018352
0.025119 0.023205
0.031623 0.029240
0.039811 0.036801
0.050119 0.046232
0.063096 0.058100
0.079433 0.072970
0.100000 0.091546
0.125893 0.114548
0.158489 0.142835
0.199526 0.177141
0.251189 0.217856
0.316228 0.264574
0.398107 0.315376
0.501187 0.365812
0.630957 0.409209
0.794328 0.437540
1.000000 0.444095
1.258926 0.425913
1.584894 0.390207
1.995262 0.342010
2.511887 0.292786
3.162278 0.243154
3.981073 0.197272
5.011873 0.160697
6.309573 0.129050
7.943285 0.104191
10.000001 0.083764
12.589259 0.066026
15.848935 0.053104
19.952623 0.042728
25.118872 0.034431
31.622780 0.028066
39.810734 0.023249
50.118721 0.018236
63.095718 0.018173
79.432869 0.017403
100.000038 0.009962
