0.010000 0.002718
0.012589 0.003329
0.015849 0.004156
0.019953 0.005222
0.025119 0.006619
0.031623 0.008347
0.039811 0.010507
0.050119 0.013196
0.063096 0.016589
0.079433 0.020853
0.100000 0.026205
0.125893 0.032875
0.158489 0.041152
0.199526 0.051340
0.251189 0.063723
0.316228 0.078487
0.398107 0.095562
0.501187 0.114375
0.630957 0.133756
0.794328 0.151840
1.000000 0.166206
1.258926 0.174337
1.584894 0.175715
1.995262 0.169505
2.511887 0.158067
3.162278 0.141348
3.981073 0.121786
5.011873 0.104075
6.309573 0.087032
7.943285 0.072971
10.000001 0.060899
12.589259 0.049336
15.848935 0.040958
19.952623 0.033922
25.118872 0.028298
31.622780 0.022687
39.810734 0.018762
50.118721 0.015807
63.095718 0.013264
79.432869 0.011969
100.000038 0.008894
