0.010000 0.006259
0.012589 0.007704
0.015849 0.009633
0.019953 0.012107
0.025119 0.015325
0.031623 0.019318
0.039811 0.024319
0.050119 0.030551
0.063096 0.038409
0.079433 0.048270
0.100000 0.060628
0.125893 0.075988
0.158489 0.095003
0.199526 0.118307
0.251189 0.146419
0.316228 0.179527
0.398107 0.217074
0.501187 0.257119
0.630957 0.296016
0.794328 0.328551
1.000000 0.348804
1.258926 0.351512
1.584894 0.337906
1.995262 0.309241
2.511887 0.273943
3.162278 0.233583
3.981073 0.193231
5.011873 0.159547
6.309573 0.129405
7.943285 0.105289
10.000001 0.085181
12.589259 0.067297
15.848935 0.054302
19.952623 0.043794
25.118872 0.035490
31.622780 0.028660
39.810734 0.023725
50.118721 0.018776
63.095718 0.018255
79.432869 0.017365
100.000038 0.010163
