0.010000 0.888845
0.012589 0.888628
0.015849 0.888603
0.019953 0.888639
0.025119 0.888406
0.031623 0.888066
0.039811 0.887451
0.050119 0.886520
0.063096 0.885197
0.079433 0.883075
0.100000 0.879287
0.125893 0.873859
0.158489 0.865499
0.199526 0.851933
0.251189 0.831478
0.316228 0.801665
0.398107 0.758736
0.501187 0.696317
0.630957 0.616983
0.794328 0.523870
1.000000 0.422851
1.258926 0.321416
1.584894 0.235788
1.995262 0.165105
2.511887 0.114747
3.162278 0.076474
3.981073 0.048837
5.011873 0.032305
6.309573 0.020335
7.943285 0.013285
10.000001 0.008465
12.589259 0.003261
15.848935 0.000924
19.952623 -0.000797
25.118872 -0.001447
31.622780 -0.004125
39.810734 -0.005283
50.118721 -0.002863
63.095718 -0.007949
79.432869 -0.008851
100.000038 -0.002601
