0.010000 0.717979
0.012589 0.717812
0.015849 0.717814
0.019953 0.717877
0.025119 0.717746
0.031623 0.717559
0.039811 0.717204
0.050119 0.716671
0.063096 0.715960
0.079433 0.714794
0.100000 0.712599
0.125893 0.709570
0.158489 0.704922
0.199526 0.697154
0.251189 0.685392
0.316228 0.668203
0.398107 0.642979
0.501187 0.604507
0.630957 0.553806
0.794328 0.490925
1.000000 0.417144
1.258926 0.335391
1.584894 0.259511
1.995262 0.190310
2.511887 0.136769
3.162278 0.093519
3.981073 0.061010
5.011873 0.040811
6.309573 0.026090
7.943285 0.017174
10.000001 0.011081
12.589259 0.005111
15.848935 0.002327
19.952623 0.000194
25.118872 -0.000691
31.622780 -0.003332
39.810734 -0.004661
50.118721 -0.002584
63.095718 -0.007479
79.432869 -0.008487
100.000038 -0.002497
