0.010000 0.411777
0.012589 0.411683
0.015849 0.411687
0.019953 0.411726
0.025119 0.411651
0.031623 0.411549
0.039811 0.411353
0.050119 0.411062
0.063096 0.410674
0.079433 0.410040
0.100000 0.408837
0.125893 0.407182
0.158489 0.404660
0.199526 0.400430
0.251189 0.394058
0.316228 0.384829
0.398107 0.371387
0.501187 0.350995
0.630957 0.324591
0.794328 0.292452
1.000000 0.255139
1.258926 0.213451
1.584894 0.174009
1.995262 0.135841
2.511887 0.104272
3.162278 0.076235
3.981073 0.053194
5.011873 0.037808
6.309573 0.025861
7.943285 0.018097
10.000001 0.012469
12.589259 0.006862
15.848935 0.004056
19.952623 0.001954
25.118872 0.000831
31.622780 -0.000805
39.810734 -0.001660
50.118721 -0.001068
63.095718 -0.003389
79.432869 -0.004239
100.000038 -0.001363
