0.010000 0.378176
0.012589 0.378094
0.015849 0.378104
0.019953 0.378147
0.025119 0.378095
0.031623 0.378025
0.039811 0.377881
0.050119 0.377671
0.063096 0.377401
0.079433 0.376963
0.100000 0.376080
0.125893 0.374909
0.158489 0.373134
0.199526 0.370088
0.251189 0.365480
0.316228 0.358796
0.398107 0.348961
0.501187 0.333473
0.630957 0.312921
0.794328 0.286980
1.000000 0.255292
1.258926 0.217685
1.584894 0.180311
1.995262 0.142507
2.511887 0.110237
3.162278 0.081055
3.981073 0.056762
5.011873 0.040438
6.309573 0.027743
7.943285 0.019479
10.000001 0.013352
12.589259 0.007590
15.848935 0.004533
19.952623 0.002356
25.118872 0.001053
31.622780 -0.000556
39.810734 -0.001451
50.118721 -0.001040
63.095718 -0.003031
79.432869 -0.004157
100.000038 -0.001431
