0.010000 0.012891
0.012589 0.015951
0.015849 0.019974
0.019953 0.025107
0.025119 0.031737
0.031623 0.039989
0.039811 0.050329
0.050119 0.063227
0.063096 0.079454
0.079433 0.099777
0.100000 0.125146
0.125893 0.156554
0.158489 0.195139
0.199526 0.241847
0.251189 0.297117
0.316228 0.360233
0.398107 0.428301
0.501187 0.494910
0.630957 0.550471
0.794328 0.583870
1.000000 0.586234
1.258926 0.554350
1.584894 0.499483
1.995262 0.429803
2.511887 0.361291
3.162278 0.295009
3.981073 0.235880
5.011873 0.189805
6.309573 0.150773
7.943285 0.120443
10.000001 0.095788
12.589259 0.074860
15.848935 0.059579
19.952623 0.047459
25.118872 0.037898
31.622780 0.030804
39.810734 0.025428
50.118721 0.019560
63.095718 0.020176
79.432869 0.019537
100.000038 0.010557
