0.005000 0.004828
0.006295 0.006009
0.007924 0.007762
0.009976 0.009867
0.012559 0.012204
0.015811 0.015260
0.019905 0.019157
0.025059 0.024218
0.031548 0.030529
0.039716 0.038437
0.050000 0.048285
0.062946 0.060688
0.079245 0.076208
0.099763 0.095614
0.125594 0.119672
0.158114 0.149254
0.199054 0.185196
0.250594 0.227878
0.315479 0.277044
0.397164 0.330841
0.500000 0.385002
0.629463 0.432891
0.792447 0.465639
0.997631 0.475675
1.255944 0.462772
1.581139 0.425237
1.990536 0.374468
2.505936 0.320949
3.154786 0.266298
3.971642 0.220031
5.000000 0.175658
6.294629 0.141015
7.924467 0.113840
9.976311 0.091466
12.559435 0.074182
15.811388 0.057287
19.905365 0.045686
25.059364 0.036830
31.547863 0.027557
39.716419 0.021226
50.000000 0.019028
