0.005000 0.007051
0.006295 0.008798
0.007924 0.011321
0.009976 0.014371
0.012559 0.017826
0.015811 0.022317
0.019905 0.028024
0.025059 0.035402
0.031548 0.044606
0.039716 0.056148
0.050000 0.070538
0.062946 0.088615
0.079245 0.111223
0.099763 0.139407
0.125594 0.174215
0.158114 0.216807
0.199054 0.268085
0.250594 0.328239
0.315479 0.395983
0.397164 0.467551
0.500000 0.535097
0.629463 0.587643
0.792447 0.612080
0.997631 0.600345
1.255944 0.558099
1.581139 0.489386
1.990536 0.413386
2.505936 0.342719
3.154786 0.277293
3.971642 0.225178
5.000000 0.177672
6.294629 0.141595
7.924467 0.113674
9.976311 0.090971
12.559435 0.073437
15.811388 0.056871
19.905365 0.045291
25.059364 0.036443
31.547863 0.027294
39.716419 0.020998
50.000000 0.018773
