0.005000 0.007948
0.006295 0.009916
0.007924 0.012747
0.009976 0.016171
0.012559 0.020071
0.015811 0.025129
0.019905 0.031567
0.025059 0.039864
0.031548 0.050229
0.039716 0.063215
0.050000 0.079404
0.062946 0.099735
0.079245 0.125133
0.099763 0.156749
0.125594 0.195710
0.158114 0.243193
0.199054 0.300011
0.250594 0.365919
0.315479 0.438920
0.397164 0.513946
0.500000 0.581478
0.629463 0.629582
0.792447 0.645607
0.997631 0.624037
1.255944 0.573407
1.581139 0.498759
1.990536 0.419331
2.505936 0.346879
3.154786 0.280390
3.971642 0.227582
5.000000 0.179544
6.294629 0.143066
7.924467 0.114849
9.976311 0.091909
12.559435 0.074202
15.811388 0.057442
19.905365 0.045753
25.059364 0.036820
31.547863 0.027572
39.716419 0.021206
50.000000 0.018964
