0.005000 0.004537
0.006295 0.005650
0.007924 0.007304
0.009976 0.009287
0.012559 0.011483
0.015811 0.014359
0.019905 0.018024
0.025059 0.022790
0.031548 0.028728
0.039716 0.036171
0.050000 0.045447
0.062946 0.057118
0.079245 0.071742
0.099763 0.090033
0.125594 0.112717
0.158114 0.140671
0.199054 0.174697
0.250594 0.215311
0.315479 0.262336
0.397164 0.314319
0.500000 0.367467
0.629463 0.415685
0.792447 0.450299
0.997631 0.463347
1.255944 0.453575
1.581139 0.418809
1.990536 0.369944
2.505936 0.317507
3.154786 0.263585
3.971642 0.217848
5.000000 0.173897
6.294629 0.139625
7.924467 0.112712
9.976311 0.090555
12.559435 0.073440
15.811388 0.056722
19.905365 0.045233
25.059364 0.036470
31.547863 0.027288
39.716419 0.021020
50.000000 0.018842
