0 0.501187
1 0.501187
2 0.501187
3 0.501187
4 0.501187
5 0.501187
6 0.501187
7 0.501187
8 0.501187
9 0.501187
10 0.501187
11 0.501187
12 0.501187
13 0.501187
14 0.501187
15 0.501187
16 0.501187
17 0.501187
18 0.501187
19 0.501187
20 0.501187
21 0.501187
22 0.501187
23 0.501187
24 0.501187
25 0.501187
26 0.501187
27 0.501187
28 0.501187
29 0.501187
30 0.501187
31 0.501187
32 0.501187
33 0.501187
34 0.501187
35 0.501187
36 0.501187
37 0.501187
38 0.501187
39 0.501187
40 0.630957
41 0.630957
42 0.630957
43 0.630957
44 0.630957
45 0.630957
46 0.630957
47 0.630957
48 0.630957
49 0.630957
50 0.630957
51 0.630957
52 0.630957
53 0.630957
54 0.630957
55 0.630957
56 0.630957
57 0.630957
58 0.630957
59 0.794328
60 0.794328
61 0.794328
62 0.794328
63 0.794328
64 0.794328
65 0.794328
66 0.794328
67 0.794328
68 0.794328
69 0.794328
70 0.794328
71 0.794328
72 0.794328
73 0.794328
74 0.794328
75 0.794328
76 0.794328
77 0.794328
78 0.794328
79 0.794328
80 0.794328
81 0.794328
82 0.794328
83 0.794328
84 0.794328
85 0.794328
86 0.794328
87 0.794328
88 0.794328
89 0.794328
90 0.794328
