0 0.630957
1 0.630957
2 0.630957
3 0.630957
4 0.630957
5 0.630957
6 0.630957
7 0.630957
8 0.630957
9 0.630957
10 0.630957
11 0.630957
12 0.630957
13 0.630957
14 0.630957
15 0.630957
16 0.630957
17 0.630957
18 0.630957
19 0.630957
20 0.630957
21 0.630957
22 0.630957
23 0.630957
24 0.630957
25 0.630957
26 0.630957
27 0.630957
28 0.630957
29 0.630957
30 0.630957
31 0.630957
32 0.630957
33 0.630957
34 0.794328
35 0.794328
36 0.794328
37 0.794328
38 0.794328
39 0.794328
40 0.794328
41 0.794328
42 0.794328
43 0.794328
44 0.794328
45 0.794328
46 0.794328
47 0.794328
48 0.794328
49 0.794328
50 0.794328
51 0.794328
52 0.794328
53 0.794328
54 0.794328
55 0.794328
56 1
57 1
58 1
59 1
60 1
61 1
62 1
63 1
64 1
65 1
66 1
67 1
68 1
69 1
70 1
71 1
72 1
73 1
74 1
75 1
76 1
77 1
78 1
79 1
80 1
81 1
82 1
83 1
84 1
85 1
86 1
87 1
88 1
89 1
90 1