0 0.199526
1 0.199526
2 0.199526
3 0.199526
4 0.199526
5 0.199526
6 0.199526
7 0.199526
8 0.199526
9 0.199526
10 0.199526
11 0.199526
12 0.199526
13 0.199526
14 0.199526
15 0.199526
16 0.199526
17 0.199526
18 0.199526
19 0.199526
20 0.199526
21 0.199526
22 0.199526
23 0.199526
24 0.199526
25 0.199526
26 0.199526
27 0.199526
28 0.199526
29 0.199526
30 0.199526
31 0.199526
32 0.199526
33 0.199526
34 0.199526
35 0.199526
36 0.251189
37 0.251189
38 0.251189
39 0.251189
40 0.251189
41 0.251189
42 0.251189
43 0.251189
44 0.251189
45 0.251189
46 0.251189
47 0.251189
48 0.251189
49 0.251189
50 0.251189
51 0.251189
52 0.251189
53 0.251189
54 0.251189
55 0.251189
56 0.251189
57 0.251189
58 0.316228
59 0.316228
60 0.316228
61 1
62 1.25893
63 1.25893
64 1.25893
65 1.25893
66 1.25893
67 1.25893
68 1.25893
69 1.25893
70 1.58489
71 1.58489
72 1.58489
73 1.58489
74 1.58489
75 1.58489
76 1.58489
77 1.58489
78 1.58489
79 1.58489
80 1.58489
81 1.58489
82 1.58489
83 1.58489
84 1.58489
85 1.58489
86 1.58489
87 1.58489
88 1.58489
89 1.58489
90 1.58489
