0 0.158489
1 0.158489
2 0.158489
3 0.158489
4 0.158489
5 0.158489
6 0.158489
7 0.158489
8 0.158489
9 0.158489
10 0.158489
11 0.158489
12 0.158489
13 0.158489
14 0.158489
15 0.158489
16 0.158489
17 0.158489
18 0.158489
19 0.158489
20 0.158489
21 0.158489
22 0.158489
23 0.158489
24 0.158489
25 0.158489
26 0.158489
27 0.158489
28 0.158489
29 0.158489
30 0.158489
31 0.158489
32 0.158489
33 0.158489
34 0.158489
35 0.158489
36 0.158489
37 0.158489
38 0.158489
39 0.158489
40 0.158489
41 0.158489
42 0.158489
43 0.158489
44 0.158489
45 0.158489
46 0.158489
47 0.158489
48 0.158489
49 0.158489
50 0.158489
51 0.158489
52 0.158489
53 0.158489
54 0.158489
55 0.158489
56 0.158489
57 0.158489
58 0.199526
59 0.199526
60 0.199526
61 0.199526
62 0.199526
63 0.199526
64 0.199526
65 1
66 1
67 1
68 1.25893
69 1.25893
70 1.25893
71 1.25893
72 1.25893
73 1.25893
74 1.25893
75 1.25893
76 1.25893
77 1.25893
78 1.25893
79 1.25893
80 1.25893
81 1.25893
82 1.25893
83 1.25893
84 1.25893
85 1.25893
86 1.25893
87 1.25893
88 1.25893
89 1.25893
90 1.25893
