0.005000 0.912375
0.006295 0.912415
0.007924 0.912367
0.009976 0.911949
0.012559 0.911677
0.015811 0.911648
0.019905 0.911646
0.025059 0.911530
0.031548 0.911260
0.039716 0.910682
0.050000 0.909789
0.062946 0.908247
0.079245 0.906411
0.099763 0.903412
0.125594 0.898166
0.158114 0.889798
0.199054 0.878224
0.250594 0.859058
0.315479 0.830722
0.397164 0.791566
0.500000 0.733775
0.629463 0.658979
0.792447 0.564981
0.997631 0.459073
1.255944 0.357670
1.581139 0.259991
1.990536 0.181259
2.505936 0.123815
3.154786 0.081043
3.971642 0.053562
5.000000 0.033453
6.294629 0.021481
7.924467 0.013869
9.976311 0.008927
12.559435 0.005671
15.811388 0.004943
19.905365 0.003812
25.059364 0.002396
31.547863 0.004661
39.716419 0.004601
50.000000 0.000887
