0.005000 1.155744
0.006295 1.155799
0.007924 1.155731
0.009976 1.155188
0.012559 1.154826
0.015811 1.154740
0.019905 1.154667
0.025059 1.154404
0.031548 1.153893
0.039716 1.152895
0.050000 1.151342
0.062946 1.148718
0.079245 1.145334
0.099763 1.139878
0.125594 1.130667
0.158114 1.116123
0.199054 1.095460
0.250594 1.062333
0.315479 1.013808
0.397164 0.947112
0.500000 0.852804
0.629463 0.735264
0.792447 0.596984
0.997631 0.453649
1.255944 0.328606
1.581139 0.221893
1.990536 0.145039
2.505936 0.094173
3.154786 0.059385
3.971642 0.038203
5.000000 0.023650
6.294629 0.015207
7.924467 0.009749
9.976311 0.006263
12.559435 0.003848
15.811388 0.004095
19.905365 0.003318
25.059364 0.002050
31.547863 0.004644
39.716419 0.004641
50.000000 0.000803
