0.005000 1.258433
0.006295 1.258465
0.007924 1.258380
0.009976 1.257763
0.012559 1.257339
0.015811 1.257238
0.019905 1.257135
0.025059 1.256812
0.031548 1.256164
0.039716 1.254945
0.050000 1.253044
0.062946 1.249842
0.079245 1.245672
0.099763 1.238950
0.125594 1.227700
0.158114 1.210004
0.199054 1.184695
0.250594 1.144556
0.315479 1.086197
0.397164 1.006965
0.500000 0.897414
0.629463 0.764522
0.792447 0.613163
0.997631 0.461192
1.255944 0.331930
1.581139 0.223584
1.990536 0.146259
2.505936 0.095176
3.154786 0.060141
3.971642 0.038769
5.000000 0.024026
6.294629 0.015460
7.924467 0.009922
9.976311 0.006376
12.559435 0.003918
15.811388 0.004155
19.905365 0.003357
25.059364 0.002066
31.547863 0.004695
39.716419 0.004689
50.000000 0.000800
