0.005000 0.954708
0.006295 0.954755
0.007924 0.954701
0.009976 0.954248
0.012559 0.953950
0.015811 0.953919
0.019905 0.953915
0.025059 0.953786
0.031548 0.953481
0.039716 0.952850
0.050000 0.951843
0.062946 0.950146
0.079245 0.948090
0.099763 0.944741
0.125594 0.938913
0.158114 0.929623
0.199054 0.916724
0.250594 0.895518
0.315479 0.864212
0.397164 0.821113
0.500000 0.758209
0.629463 0.677654
0.792447 0.577912
0.997631 0.467268
1.255944 0.362774
1.581139 0.263210
1.990536 0.183504
2.505936 0.125474
3.154786 0.082234
3.971642 0.054431
5.000000 0.034029
6.294629 0.021857
7.924467 0.014115
9.976311 0.009101
12.559435 0.005779
15.811388 0.005021
19.905365 0.003868
25.059364 0.002440
31.547863 0.004711
39.716419 0.004644
50.000000 0.000890
