0.010000 0.012706
0.012296 0.016636
0.015118 0.019559
0.018589 0.022660
0.022856 0.026911
0.028102 0.033325
0.034554 0.041606
0.042486 0.051754
0.052238 0.063653
0.064230 0.077898
0.078975 0.095211
0.097104 0.116487
0.119395 0.142490
0.146803 0.173839
0.180502 0.211254
0.221938 0.255246
0.272885 0.305823
0.335528 0.361973
0.412551 0.421084
0.507255 0.478535
0.623699 0.527026
0.766873 0.558828
0.942914 0.568025
1.159367 0.548801
1.425508 0.512290
1.752744 0.462537
2.155099 0.407295
2.649817 0.361795
3.258102 0.325001
4.006023 0.295812
4.925634 0.268256
6.056350 0.243615
7.446629 0.230259
9.156056 0.205499
11.257895 0.156856
13.842226 0.136206
17.019810 0.121101
20.926828 0.114131
25.730734 0.088063
31.637409 -0.105742
38.900005 0.061416
39.806210 -0.191753
40.733528 -0.110722
41.682457 -0.043580
42.653484 0.007594
43.647129 0.040834
44.663937 0.054420
45.704418 -0.254586
46.769150 -0.167610
47.858673 -0.092747
48.973579 -0.032066
50.114456 0.012463
51.281940 0.039048
52.476593 -0.436373
53.699074 -0.335734
54.950035 -0.243073
56.230141 -0.160387
57.540066 -0.089674
58.880539 -0.032848
60.252205 0.008297
61.655827 0.032157
63.092148 -0.585813
64.561928 -0.481673
66.065987 -0.382433
67.605042 -0.289882
69.179955 -0.205821
70.791557 -0.132068
72.440704 -0.070363
74.128304 -0.022321
75.855179 0.010606
77.622292 0.027241
79.430557 -0.757051
81.280960 -0.656392
83.174461 -0.557531
85.112122 -0.461910
87.094872 -0.371018
89.123817 -0.286390
91.200027 -0.209516
93.324600 -0.141826
95.498718 -0.084653
97.723442 -0.039129
99.999985 -0.006181
