0.010000 0.008042
0.012296 0.010693
0.015118 0.012438
0.018589 0.014221
0.022856 0.016755
0.028102 0.020784
0.034554 0.026045
0.042486 0.032510
0.052238 0.040003
0.064230 0.048933
0.078975 0.059802
0.097104 0.073212
0.119395 0.089687
0.146803 0.109652
0.180502 0.133689
0.221938 0.162319
0.272885 0.195886
0.335528 0.234293
0.412551 0.276651
0.507255 0.320989
0.623699 0.363488
0.766873 0.399364
0.942914 0.423433
1.159367 0.429138
1.425508 0.419663
1.752744 0.394356
2.155099 0.356438
2.649817 0.317884
3.258102 0.279795
4.006023 0.243991
4.925634 0.207944
6.056350 0.175749
7.446629 0.156806
9.156056 0.130114
11.257895 0.085432
13.842226 0.068062
17.019810 0.057559
20.926828 0.056059
25.730734 0.037412
31.637409 -0.135426
38.900005 0.024361
39.806210 -0.211590
40.733528 -0.135422
41.682457 -0.072126
42.653484 -0.023669
43.647129 0.008130
44.663937 0.021635
45.704418 -0.268816
46.769150 -0.186451
47.858673 -0.115422
48.973579 -0.057666
50.114456 -0.015065
51.281940 0.010723
52.476593 -0.439963
53.699074 -0.344048
54.950035 -0.255640
56.230141 -0.176619
57.540066 -0.108915
58.880539 -0.054319
60.252205 -0.014551
61.655827 0.008855
63.092148 -0.582548
64.561928 -0.482477
66.065987 -0.387031
67.605042 -0.297927
69.179955 -0.216899
70.791557 -0.145684
72.440704 -0.085948
74.128304 -0.039236
75.855179 -0.006969
77.622292 0.009752
79.430557 -0.748503
81.280960 -0.650916
83.174461 -0.555005
85.112122 -0.462169
87.094872 -0.373853
89.123817 -0.291518
91.200027 -0.216624
93.324600 -0.150570
95.498718 -0.094602
97.723442 -0.049861
99.999985 -0.017208
