0.010000 1.113002
0.012296 1.112079
0.015118 1.110659
0.018589 1.109847
0.022856 1.109656
0.028102 1.109839
0.034554 1.110490
0.042486 1.109542
0.052238 1.108675
0.064230 1.105705
0.078975 1.104235
0.097104 1.099141
0.119395 1.093199
0.146803 1.083580
0.180502 1.072021
0.221938 1.053094
0.272885 1.023646
0.335528 0.984016
0.412551 0.930408
0.507255 0.855438
0.623699 0.768097
0.766873 0.660126
0.942914 0.533995
1.159367 0.440137
1.425508 0.322368
1.752744 0.234776
2.155099 0.204705
2.649817 0.155683
3.258102 0.122713
4.006023 0.109908
4.925634 0.152838
6.056350 0.178242
7.446629 0.063545
9.156056 0.092569
11.257895 0.267790
13.842226 0.242709
17.019810 0.190232
20.926828 0.009597
25.730734 0.122808
31.637409 0.604800
38.900005 0.062940
39.806210 0.682820
40.733528 0.571947
41.682457 0.449512
42.653484 0.317192
43.647129 0.177027
44.663937 0.031487
45.704418 0.729449
46.769150 0.629880
47.858673 0.518396
48.973579 0.396372
50.114456 0.265567
51.281940 0.128131
52.476593 0.846725
53.699074 0.774490
54.950035 0.689437
56.230141 0.592334
57.540066 0.484240
58.880539 0.366584
60.252205 0.241171
61.655827 0.110159
63.092148 0.877017
64.561928 0.828031
66.065987 0.766775
67.605042 0.693590
69.179955 0.609129
70.791557 0.514324
72.440704 0.410443
74.128304 0.299082
75.855179 0.182160
77.622292 0.061933
79.430557 0.829241
81.280960 0.807235
83.174461 0.774600
85.112122 0.731393
87.094872 0.677894
89.123817 0.614643
91.200027 0.542438
93.324600 0.462336
95.498718 0.375694
97.723442 0.284142
99.999985 0.189600
