0.010000 0.864359
0.012296 0.863666
0.015118 0.862588
0.018589 0.861993
0.022856 0.861897
0.028102 0.862123
0.034554 0.862765
0.042486 0.862223
0.052238 0.861841
0.064230 0.859981
0.078975 0.859508
0.097104 0.856563
0.119395 0.853446
0.146803 0.848203
0.180502 0.842498
0.221938 0.832537
0.272885 0.816388
0.335528 0.794837
0.412551 0.765233
0.507255 0.721708
0.623699 0.669854
0.766873 0.600879
0.942914 0.513465
1.159367 0.442691
1.425508 0.345650
1.752744 0.264541
2.155099 0.223259
2.649817 0.168152
3.258102 0.127483
4.006023 0.105688
4.925634 0.130852
6.056350 0.146355
7.446629 0.052577
9.156056 0.074975
11.257895 0.221406
13.842226 0.204053
17.019810 0.162602
20.926828 0.006762
25.730734 0.108630
31.637409 0.551671
38.900005 0.057279
39.806210 0.633375
40.733528 0.530633
41.682457 0.417084
42.653484 0.294241
43.647129 0.163993
44.663937 0.028653
45.704418 0.682647
46.769150 0.589650
47.858673 0.485388
48.973579 0.371160
50.114456 0.248582
51.281940 0.119722
52.476593 0.799398
53.699074 0.731481
54.950035 0.651397
56.230141 0.559817
57.540066 0.457757
58.880539 0.346570
60.252205 0.227936
61.655827 0.103924
63.092148 0.835730
64.561928 0.789401
66.065987 0.731286
67.605042 0.661729
69.179955 0.581334
70.791557 0.490988
72.440704 0.391899
74.128304 0.285581
75.855179 0.173891
77.622292 0.058950
79.430557 0.797342
81.280960 0.776574
83.174461 0.745522
85.112122 0.704233
87.094872 0.652984
89.123817 0.592267
91.200027 0.522857
93.324600 0.445772
95.498718 0.362324
97.723442 0.274083
99.999985 0.182887
