0.010000 0.017551
0.012589 0.021974
0.015849 0.028014
0.019953 0.035431
0.025119 0.044213
0.031623 0.055457
0.039811 0.069692
0.050119 0.087864
0.063096 0.110527
0.079433 0.138906
0.100000 0.174198
0.125893 0.218113
0.158489 0.272272
0.199526 0.338325
0.251189 0.417178
0.316228 0.508585
0.398107 0.609583
0.501187 0.712547
0.630957 0.804425
0.794328 0.868313
1.000000 0.886367
1.258926 0.852992
1.584893 0.773871
1.995262 0.668187
2.511887 0.561041
3.162278 0.456562
3.981073 0.367679
5.011873 0.295983
6.309573 0.235439
7.943284 0.188618
10.000000 0.148263
12.589258 0.117744
15.848933 0.094281
19.952621 0.075613
25.118870 0.061203
31.622776 0.048526
39.810730 0.039231
50.118729 0.031978
63.095726 0.024503
79.432838 0.019144
100.000000 0.017187
