0.010000 0.009638
0.012589 0.012046
0.015849 0.015415
0.019953 0.019525
0.025119 0.024302
0.031623 0.030463
0.039811 0.038262
0.050119 0.048282
0.063096 0.060788
0.079433 0.076446
0.100000 0.095970
0.125893 0.120354
0.158489 0.150634
0.199526 0.187986
0.251189 0.233317
0.316228 0.287280
0.398107 0.349569
0.501187 0.417896
0.630957 0.487103
0.794328 0.549097
1.000000 0.592471
1.258926 0.608429
1.584893 0.591682
1.995262 0.546107
2.511887 0.485253
3.162278 0.413272
3.981073 0.344030
5.011873 0.283386
6.309573 0.228976
7.943284 0.185469
10.000000 0.146687
12.589258 0.116944
15.848933 0.093998
19.952621 0.075586
25.118870 0.061437
31.622776 0.048488
39.810730 0.039197
50.118729 0.032013
63.095726 0.024504
79.432838 0.019161
100.000000 0.017242
