0.010000 0.000978
0.012589 0.001182
0.015849 0.001466
0.019953 0.001835
0.025119 0.002333
0.031623 0.002947
0.039811 0.003713
0.050119 0.004661
0.063096 0.005862
0.079433 0.007376
0.100000 0.009287
0.125893 0.011676
0.158489 0.014672
0.199526 0.018413
0.251189 0.023067
0.316228 0.028808
0.398107 0.035825
0.501187 0.044237
0.630957 0.054057
0.794328 0.065033
1.000000 0.076527
1.258926 0.087224
1.584894 0.095752
1.995262 0.100019
2.511887 0.099778
3.162278 0.094329
3.981073 0.084920
5.011873 0.075155
6.309573 0.064760
7.943285 0.055979
10.000001 0.048070
12.589259 0.039622
15.848935 0.033602
19.952623 0.028314
25.118872 0.024004
31.622780 0.018532
39.810734 0.014957
50.118721 0.013874
63.095718 0.007679
79.432869 0.005321
100.000038 0.007923
