0.010000 0.012892
0.012589 0.015951
0.015849 0.019974
0.019953 0.025108
0.025119 0.031738
0.031623 0.039990
0.039811 0.050330
0.050119 0.063228
0.063096 0.079454
0.079433 0.099778
0.100000 0.125147
0.125893 0.156558
0.158489 0.195143
0.199526 0.241853
0.251189 0.297123
0.316228 0.360251
0.398107 0.428305
0.501187 0.494918
0.630957 0.550478
0.794328 0.583865
1.000000 0.586229
1.258926 0.554350
1.584894 0.499517
1.995262 0.429822
2.511887 0.361336
3.162278 0.294996
3.981073 0.235882
5.011873 0.189794
6.309573 0.150749
7.943285 0.120439
10.000001 0.095832
12.589259 0.074864
15.848935 0.059604
19.952623 0.047450
25.118872 0.037858
31.622780 0.030753
39.810734 0.025442
50.118721 0.019509
63.095718 0.020192
79.432869 0.019572
100.000038 0.010495
