0.010000 0.000952
0.012589 0.001150
0.015849 0.001426
0.019953 0.001783
0.025119 0.002267
0.031623 0.002863
0.039811 0.003608
0.050119 0.004530
0.063096 0.005697
0.079433 0.007167
0.100000 0.009024
0.125893 0.011346
0.158489 0.014254
0.199526 0.017892
0.251189 0.022417
0.316228 0.028009
0.398107 0.034842
0.501187 0.043056
0.630957 0.052678
0.794328 0.063468
1.000000 0.074886
1.258926 0.085639
1.584894 0.094381
1.995262 0.099147
2.511887 0.099409
3.162278 0.094460
3.981073 0.085367
5.011873 0.075754
6.309573 0.065407
7.943285 0.056611
10.000001 0.048612
12.589259 0.040130
15.848935 0.034059
19.952623 0.028697
25.118872 0.024404
31.622780 0.018896
39.810734 0.015127
50.118721 0.014087
63.095718 0.007784
79.432869 0.005365
100.000038 0.008087
