0.010000 0.008028
0.012589 0.009892
0.015849 0.012372
0.019953 0.015547
0.025119 0.019678
0.031623 0.024801
0.039811 0.031224
0.050119 0.039227
0.063096 0.049315
0.079433 0.061973
0.100000 0.077829
0.125893 0.097537
0.158489 0.121922
0.199526 0.151783
0.251189 0.187756
0.316228 0.230037
0.398107 0.277837
0.501187 0.328484
0.630957 0.377157
0.794328 0.416932
1.000000 0.440149
1.258926 0.440081
1.584894 0.418973
1.995262 0.379007
2.511887 0.331762
3.162278 0.279579
3.981073 0.228813
5.011873 0.187199
6.309573 0.150505
7.943285 0.121371
10.000001 0.097311
12.589259 0.076295
15.848935 0.060957
19.952623 0.048690
25.118872 0.039002
31.622780 0.031562
39.810734 0.025953
50.118721 0.020231
63.095718 0.020340
79.432869 0.019505
100.000038 0.010849
