0.010000 0.887841
0.012589 0.887634
0.015849 0.887631
0.019953 0.887705
0.025119 0.887532
0.031623 0.887287
0.039811 0.886827
0.050119 0.886133
0.063096 0.885190
0.079433 0.883663
0.100000 0.880815
0.125893 0.876862
0.158489 0.870775
0.199526 0.860652
0.251189 0.845329
0.316228 0.822878
0.398107 0.789998
0.501187 0.740038
0.630957 0.674263
0.794328 0.592923
1.000000 0.498115
1.258926 0.394244
1.584894 0.299075
1.995262 0.214150
2.511887 0.150016
3.162278 0.099718
3.981073 0.063170
5.011873 0.040976
6.309573 0.025353
7.943285 0.016137
10.000001 0.010023
12.589259 0.004125
15.848935 0.001402
19.952623 -0.000610
25.118872 -0.001493
31.622780 -0.004365
39.810734 -0.005706
50.118721 -0.003225
63.095718 -0.008876
79.432869 -0.010072
100.000038 -0.002899
