0.010000 1.150944
0.012589 1.150651
0.015849 1.150610
0.019953 1.150636
0.025119 1.150312
0.031623 1.149833
0.039811 1.148978
0.050119 1.147672
0.063096 1.145809
0.079433 1.142809
0.100000 1.137536
0.125893 1.129915
0.158489 1.118165
0.199526 1.099180
0.251189 1.070515
0.316228 1.028748
0.398107 0.968708
0.501187 0.882147
0.630957 0.772553
0.794328 0.644915
1.000000 0.508396
1.258926 0.374372
1.584894 0.264272
1.995262 0.176933
2.511887 0.117465
3.162278 0.074702
3.981073 0.045360
5.011873 0.028635
6.309573 0.017057
7.943285 0.010528
10.000001 0.006313
12.589259 0.001478
15.848935 -0.000519
19.952623 -0.001995
25.118872 -0.002453
31.622780 -0.005291
39.810734 -0.006566
50.118721 -0.003524
63.095718 -0.009685
79.432869 -0.010498
100.000038 -0.002951
