0.010000 1.214413
0.012589 1.214444
0.015849 1.214336
0.019953 1.213688
0.025119 1.213210
0.031623 1.213000
0.039811 1.212724
0.050119 1.212148
0.063096 1.211092
0.079433 1.209227
0.100000 1.206328
0.125893 1.201549
0.158489 1.194881
0.199526 1.184317
0.251189 1.167263
0.316228 1.140933
0.398107 1.103327
0.501187 1.046705
0.630957 0.968309
0.794328 0.868038
1.000000 0.742769
1.258926 0.605570
1.584893 0.466114
1.995262 0.339554
2.511887 0.239792
3.162278 0.160226
3.981073 0.104576
5.011873 0.067804
6.309573 0.042512
7.943284 0.026861
10.000000 0.016297
12.589258 0.010208
15.848933 0.006317
19.952621 0.003962
25.118870 0.002355
31.622776 0.002846
39.810730 0.002425
50.118729 0.001506
63.095726 0.003916
79.432838 0.004050
100.000000 0.000639
