0.010000 0.209535
0.012589 0.209492
0.015849 0.209498
0.019953 0.209531
0.025119 0.209520
0.031623 0.209508
0.039811 0.209469
0.050119 0.209418
0.063096 0.209370
0.079433 0.209287
0.100000 0.209056
0.125893 0.208808
0.158489 0.208441
0.199526 0.207717
0.251189 0.206639
0.316228 0.205137
0.398107 0.202873
0.501187 0.198726
0.630957 0.192988
0.794328 0.185114
1.000000 0.173989
1.258926 0.157949
1.584894 0.139259
1.995262 0.116803
2.511887 0.094919
3.162278 0.072983
3.981073 0.053465
5.011873 0.039406
6.309573 0.028223
7.943285 0.020347
10.000001 0.014455
12.589259 0.009671
15.848935 0.006780
19.952623 0.004733
25.118872 0.003143
31.622780 0.003523
39.810734 0.003178
50.118721 0.000954
63.095718 0.003148
79.432869 0.001941
100.000038 0.000028
