0.010000 1.705843
0.012589 1.705859
0.015849 1.705666
0.019953 1.704668
0.025119 1.703848
0.031623 1.703320
0.039811 1.702562
0.050119 1.701151
0.063096 1.698727
0.079433 1.694632
0.100000 1.688233
0.125893 1.677901
0.158489 1.662861
0.199526 1.639363
0.251189 1.602272
0.316228 1.546008
0.398107 1.466008
0.501187 1.350602
0.630957 1.197810
0.794328 1.013481
1.000000 0.804124
1.258926 0.598895
1.584893 0.417271
1.995262 0.275275
2.511887 0.177971
3.162278 0.110419
3.981073 0.068013
5.011873 0.042077
6.309573 0.025416
7.943284 0.015439
10.000000 0.009290
12.589258 0.005816
15.848933 0.003487
19.952621 0.002113
25.118870 0.001085
31.622776 0.002249
39.810730 0.002082
50.118729 0.001242
63.095726 0.003934
79.432838 0.004099
100.000000 0.000568
