0.010000 0.207890
0.012589 0.207850
0.015849 0.207866
0.019953 0.207900
0.025119 0.207886
0.031623 0.207874
0.039811 0.207836
0.050119 0.207788
0.063096 0.207749
0.079433 0.207673
0.100000 0.207447
0.125893 0.207216
0.158489 0.206879
0.199526 0.206182
0.251189 0.205153
0.316228 0.203746
0.398107 0.201619
0.501187 0.197601
0.630957 0.192138
0.794328 0.184645
1.000000 0.174022
1.258926 0.158540
1.584894 0.140367
1.995262 0.118189
2.511887 0.096574
3.162278 0.074296
3.981073 0.054126
5.011873 0.039640
6.309573 0.028006
7.943285 0.020034
10.000001 0.014077
12.589259 0.008289
15.848935 0.005237
19.952623 0.003212
25.118872 0.001937
31.622780 0.001702
39.810734 0.001341
50.118721 0.000528
63.095718 0.001446
79.432869 0.000438
100.000038 -0.000344
