0.010000 0.007908
0.012589 0.009761
0.015849 0.012196
0.019953 0.015306
0.025119 0.019366
0.031623 0.024403
0.039811 0.030742
0.050119 0.038631
0.063096 0.048553
0.079433 0.061014
0.100000 0.076659
0.125893 0.096018
0.158489 0.119997
0.199526 0.149334
0.251189 0.184627
0.316228 0.225964
0.398107 0.272710
0.501187 0.321885
0.630957 0.368779
0.794328 0.406569
1.000000 0.427931
1.258926 0.426559
1.584894 0.404933
1.995262 0.365173
2.511887 0.319312
3.162278 0.268854
3.981073 0.220009
5.011873 0.180091
6.309573 0.145009
7.943285 0.117093
10.000001 0.094022
12.589259 0.073595
15.848935 0.058575
19.952623 0.046464
25.118872 0.037426
31.622780 0.028087
39.810734 0.021642
50.118721 0.018937
63.095718 0.010335
79.432869 0.006975
100.000038 0.010194
