0.010000 0.003710
0.012589 0.004539
0.015849 0.005657
0.019953 0.007088
0.025119 0.008988
0.031623 0.011339
0.039811 0.014298
0.050119 0.017957
0.063096 0.022580
0.079433 0.028399
0.100000 0.035713
0.125893 0.044872
0.158489 0.056255
0.199526 0.070457
0.251189 0.087913
0.316228 0.109074
0.398107 0.134327
0.501187 0.163380
0.630957 0.195356
0.794328 0.227892
1.000000 0.256916
1.258926 0.277017
1.584894 0.285100
1.995262 0.277672
2.511887 0.258896
3.162278 0.229574
3.981073 0.195296
5.011873 0.164421
6.309573 0.134715
7.943285 0.110251
10.000001 0.089222
12.589259 0.069722
15.848935 0.055511
19.952623 0.043963
25.118872 0.035267
31.622780 0.026189
39.810734 0.019939
50.118721 0.017573
63.095718 0.009399
79.432869 0.006342
100.000038 0.009389
