0.010000 0.012662
0.012589 0.015691
0.015849 0.019637
0.019953 0.024667
0.025119 0.031158
0.031623 0.039269
0.039811 0.049433
0.050119 0.062101
0.063096 0.078024
0.079433 0.097965
0.100000 0.122864
0.125893 0.153653
0.158489 0.191434
0.199526 0.237111
0.251189 0.291020
0.316228 0.352379
0.398107 0.418219
0.501187 0.481963
0.630957 0.533924
0.794328 0.563839
1.000000 0.562649
1.258926 0.529124
1.584894 0.474434
1.995262 0.406542
2.511887 0.341405
3.162278 0.278764
3.981073 0.223244
5.011873 0.180166
6.309573 0.143783
7.943285 0.115494
10.000001 0.092185
12.589259 0.072081
15.848935 0.057476
19.952623 0.045478
25.118872 0.036595
31.622780 0.027259
39.810734 0.021128
50.118721 0.018763
63.095718 0.010037
79.432869 0.006666
100.000038 0.009871
