0.010000 0.005500
0.012589 0.006764
0.015849 0.008443
0.019953 0.010589
0.025119 0.013425
0.031623 0.016925
0.039811 0.021333
0.050119 0.026815
0.063096 0.033725
0.079433 0.042358
0.100000 0.053244
0.125893 0.066823
0.158489 0.083733
0.199526 0.104497
0.251189 0.130043
0.316228 0.160695
0.398107 0.196521
0.501187 0.236526
0.630957 0.278314
0.794328 0.317454
1.000000 0.347730
1.258926 0.361527
1.584894 0.356627
1.995262 0.332129
2.511887 0.297741
3.162278 0.255393
3.981073 0.211472
5.011873 0.174656
6.309573 0.141307
7.943285 0.114553
10.000001 0.091940
12.589259 0.071438
15.848935 0.056690
19.952623 0.044677
25.118872 0.035665
31.622780 0.026583
39.810734 0.020233
50.118721 0.017871
63.095718 0.009587
79.432869 0.006347
100.000038 0.009384
