0.010000 0.005500
0.012589 0.006762
0.015849 0.008442
0.019953 0.010587
0.025119 0.013425
0.031623 0.016923
0.039811 0.021331
0.050119 0.026814
0.063096 0.033726
0.079433 0.042357
0.100000 0.053241
0.125893 0.066824
0.158489 0.083733
0.199526 0.104496
0.251189 0.130043
0.316228 0.160703
0.398107 0.196526
0.501187 0.236514
0.630957 0.278300
0.794328 0.317455
1.000000 0.347721
1.258926 0.361520
1.584894 0.356621
1.995262 0.332132
2.511887 0.297738
3.162278 0.255391
3.981073 0.211473
5.011873 0.174656
6.309573 0.141307
7.943285 0.114568
10.000001 0.091941
12.589259 0.071446
15.848935 0.056690
19.952623 0.044677
25.118872 0.035665
31.622780 0.026583
39.810734 0.020233
50.118721 0.017871
63.095718 0.009587
79.432869 0.006347
100.000038 0.009384
