0.010000 0.730572
0.012589 0.730384
0.015849 0.730390
0.019953 0.730471
0.025119 0.730381
0.031623 0.730267
0.039811 0.729987
0.050119 0.729572
0.063096 0.729063
0.079433 0.728224
0.100000 0.726544
0.125893 0.724292
0.158489 0.720856
0.199526 0.714926
0.251189 0.705935
0.316228 0.692787
0.398107 0.672934
0.501187 0.641309
0.630957 0.598099
0.794328 0.541592
1.000000 0.470764
1.258926 0.386422
1.584894 0.302758
1.995262 0.223116
2.511887 0.160096
3.162278 0.109363
3.981073 0.071942
5.011873 0.048061
6.309573 0.031482
7.943285 0.020819
10.000001 0.013534
12.589259 0.009570
15.848935 0.006496
19.952623 0.004893
25.118872 0.002629
31.622780 0.004594
39.810734 0.004299
50.118721 0.001203
63.095718 0.004222
79.432869 0.002793
100.000038 0.000132
