0.010000 0.730572
0.012589 0.730387
0.015849 0.730391
0.019953 0.730472
0.025119 0.730382
0.031623 0.730267
0.039811 0.729988
0.050119 0.729577
0.063096 0.729065
0.079433 0.728225
0.100000 0.726543
0.125893 0.724293
0.158489 0.720859
0.199526 0.714929
0.251189 0.705933
0.316228 0.692793
0.398107 0.672936
0.501187 0.641317
0.630957 0.598105
0.794328 0.541597
1.000000 0.470756
1.258926 0.386408
1.584894 0.302747
1.995262 0.223113
2.511887 0.160093
3.162278 0.109349
3.981073 0.071952
5.011873 0.048061
6.309573 0.031482
7.943285 0.020821
10.000001 0.013553
12.589259 0.009582
15.848935 0.006496
19.952623 0.004893
25.118872 0.002629
31.622780 0.004594
39.810734 0.004299
50.118721 0.001203
63.095718 0.004222
79.432869 0.002793
100.000038 0.000132
