0.010000 1.118270
0.012589 1.117959
0.015849 1.117903
0.019953 1.117921
0.025119 1.117620
0.031623 1.117156
0.039811 1.116314
0.050119 1.115010
0.063096 1.113146
0.079433 1.110166
0.100000 1.104907
0.125893 1.097313
0.158489 1.085602
0.199526 1.066677
0.251189 1.038116
0.316228 0.996571
0.398107 0.936773
0.501187 0.851082
0.630957 0.743069
0.794328 0.617517
1.000000 0.484294
1.258926 0.355337
1.584894 0.249954
1.995262 0.167517
2.511887 0.111071
3.162278 0.071550
3.981073 0.045098
5.011873 0.029333
6.309573 0.019078
7.943285 0.012559
10.000001 0.008192
12.589259 0.006722
15.848935 0.004901
19.952623 0.003986
25.118872 0.002059
31.622780 0.004525
39.810734 0.004501
50.118721 0.001051
63.095718 0.004622
79.432869 0.002999
100.000038 0.000227
