0.010000 0.862542
0.012589 0.862324
0.015849 0.862306
0.019953 0.862361
0.025119 0.862204
0.031623 0.861970
0.039811 0.861516
0.050119 0.860820
0.063096 0.859866
0.079433 0.858341
0.100000 0.855520
0.125893 0.851570
0.158489 0.845493
0.199526 0.835412
0.251189 0.820185
0.316228 0.797824
0.398107 0.765048
0.501187 0.715767
0.630957 0.650898
0.794328 0.570929
1.000000 0.478139
1.258926 0.377534
1.584894 0.285642
1.995262 0.204706
2.511887 0.143162
3.162278 0.095804
3.981073 0.061822
5.011873 0.040775
6.309573 0.026587
7.943285 0.017469
10.000001 0.011311
12.589259 0.008369
15.848935 0.005755
19.952623 0.004562
25.118872 0.002191
31.622780 0.004657
39.810734 0.004423
50.118721 0.001377
63.095718 0.004539
79.432869 0.003064
100.000038 0.000143
