0.010000 0.577118
0.012589 0.576987
0.015849 0.576994
0.019953 0.577066
0.025119 0.577019
0.031623 0.576950
0.039811 0.576787
0.050119 0.576537
0.063096 0.576248
0.079433 0.575759
0.100000 0.574762
0.125893 0.573458
0.158489 0.571457
0.199526 0.567967
0.251189 0.562674
0.316228 0.555041
0.398107 0.543370
0.501187 0.524188
0.630957 0.497578
0.794328 0.462008
1.000000 0.415309
1.258926 0.355805
1.584894 0.292870
1.995262 0.227139
2.511887 0.170824
3.162278 0.121474
3.981073 0.082376
5.011873 0.056276
6.309573 0.037473
7.943285 0.025312
10.000001 0.016604
12.589259 0.011267
15.848935 0.007536
19.952623 0.005510
25.118872 0.003058
31.622780 0.004651
39.810734 0.004252
50.118721 0.001417
63.095718 0.004167
79.432869 0.002642
100.000038 0.000098
