0.010000 0.000969
0.012589 0.001156
0.015849 0.001427
0.019953 0.001784
0.025119 0.002266
0.031623 0.002857
0.039811 0.003598
0.050119 0.004511
0.063096 0.005678
0.079433 0.007145
0.100000 0.008994
0.125893 0.011314
0.158489 0.014211
0.199526 0.017835
0.251189 0.022346
0.316228 0.027918
0.398107 0.034743
0.501187 0.042937
0.630957 0.052523
0.794328 0.063291
1.000000 0.074698
1.258926 0.085358
1.584894 0.094073
1.995262 0.098869
2.511887 0.099082
3.162278 0.094043
3.981073 0.084894
5.011873 0.075197
6.309573 0.064470
7.943285 0.055265
10.000001 0.046956
12.589259 0.038438
15.848935 0.032399
19.952623 0.027059
25.118872 0.022957
31.622780 0.017688
39.810734 0.014006
50.118721 0.013095
63.095718 0.006644
79.432869 0.004479
100.000038 0.007623
