0.010000 0.019565
0.012589 0.024364
0.015849 0.030529
0.019953 0.038363
0.025119 0.048405
0.031623 0.060937
0.039811 0.076627
0.050119 0.096187
0.063096 0.120636
0.079433 0.150983
0.100000 0.188406
0.125893 0.233789
0.158489 0.287902
0.199526 0.350253
0.251189 0.418604
0.316228 0.487900
0.398107 0.549604
0.501187 0.592480
0.630957 0.607426
0.794328 0.591234
1.000000 0.547347
1.258926 0.483353
1.584893 0.414150
1.995262 0.344713
2.511887 0.283846
3.162278 0.229230
3.981073 0.182653
5.011873 0.146701
6.309573 0.116969
7.943284 0.093962
10.000000 0.075525
12.589258 0.059950
15.848933 0.048454
19.952621 0.039181
25.118870 0.031985
31.622776 0.024537
39.810730 0.019203
50.118729 0.017237
63.095726 0.009379
79.432838 0.006350
100.000000 0.009513
