0.010000 0.035509
0.012589 0.044317
0.015849 0.055595
0.019953 0.069858
0.025119 0.088065
0.031623 0.110796
0.039811 0.139239
0.050119 0.174599
0.063096 0.218605
0.079433 0.272878
0.100000 0.339028
0.125893 0.418041
0.158489 0.509597
0.199526 0.610652
0.251189 0.713596
0.316228 0.805410
0.398107 0.868728
0.501187 0.885521
0.630957 0.850524
0.794328 0.772687
1.000000 0.669686
1.258926 0.558323
1.584893 0.457460
1.995262 0.368283
2.511887 0.296388
3.162278 0.235612
3.981073 0.185919
5.011873 0.148239
6.309573 0.117702
7.943284 0.094196
10.000000 0.075549
12.589258 0.060067
15.848933 0.048502
19.952621 0.039205
25.118870 0.031937
31.622776 0.024541
39.810730 0.019196
50.118729 0.017187
63.095726 0.009336
79.432838 0.006292
100.000000 0.009473
