0.010000 1.704618
0.012589 1.703880
0.015849 1.703324
0.019953 1.702630
0.025119 1.701036
0.031623 1.698539
0.039811 1.694478
0.050119 1.688091
0.063096 1.678326
0.079433 1.663019
0.100000 1.638476
0.125893 1.601713
0.158489 1.546511
0.199526 1.464422
0.251189 1.349141
0.316228 1.197125
0.398107 1.010906
0.501187 0.799817
0.630957 0.593590
0.794328 0.415401
1.000000 0.276518
1.258926 0.176014
1.584893 0.110851
1.995262 0.068218
2.511887 0.042187
3.162278 0.025448
3.981073 0.015257
5.011873 0.009147
6.309573 0.005666
7.943284 0.003363
10.000000 0.002021
12.589258 0.002585
15.848933 0.002089
19.952621 0.001907
25.118870 0.001125
31.622776 0.003761
39.810730 0.003961
50.118729 0.000520
63.095726 0.004431
79.432838 0.002974
100.000000 0.000031
