0.010000 0.207696
0.012589 0.207655
0.015849 0.207667
0.019953 0.207703
0.025119 0.207690
0.031623 0.207679
0.039811 0.207641
0.050119 0.207591
0.063096 0.207550
0.079433 0.207473
0.100000 0.207248
0.125893 0.207012
0.158489 0.206673
0.199526 0.205984
0.251189 0.204953
0.316228 0.203549
0.398107 0.201440
0.501187 0.197468
0.630957 0.192008
0.794328 0.184530
1.000000 0.173898
1.258926 0.158398
1.584894 0.140216
1.995262 0.118137
2.511887 0.096543
3.162278 0.074327
3.981073 0.054304
5.011873 0.039950
6.309573 0.028229
7.943285 0.020327
10.000001 0.014284
12.589259 0.008861
15.848935 0.005888
19.952623 0.003837
25.118872 0.002458
31.622780 0.002843
39.810734 0.002698
50.118721 0.001067
63.095718 0.003125
79.432869 0.002178
100.000038 0.000181
