0.010000 1.213658
0.012589 1.213229
0.015849 1.213006
0.019953 1.212779
0.025119 1.212068
0.031623 1.210974
0.039811 1.209120
0.050119 1.206242
0.063096 1.201878
0.079433 1.195043
0.100000 1.183778
0.125893 1.166978
0.158489 1.141464
0.199526 1.102437
0.251189 1.045950
0.316228 0.968194
0.398107 0.866507
0.501187 0.739653
0.630957 0.601108
0.794328 0.464485
1.000000 0.341104
1.258926 0.237451
1.584893 0.160906
1.995262 0.104991
2.511887 0.068050
3.162278 0.042572
3.981073 0.026126
5.011873 0.016217
6.309573 0.010086
7.943284 0.006229
10.000000 0.003907
12.589258 0.003566
15.848933 0.002710
19.952621 0.002285
25.118870 0.001395
31.622776 0.003771
39.810730 0.003913
50.118729 0.000571
63.095726 0.004343
79.432838 0.002918
100.000000 0.000039
