0.010000 0.018374
0.012589 0.022849
0.015849 0.028626
0.019953 0.035966
0.025119 0.045385
0.031623 0.057152
0.039811 0.071885
0.050119 0.090225
0.063096 0.113171
0.079433 0.141693
0.100000 0.176906
0.125893 0.219751
0.158489 0.270975
0.199526 0.330494
0.251189 0.396666
0.316228 0.465637
0.398107 0.530845
0.501187 0.582852
0.630957 0.613075
0.794328 0.616048
1.000000 0.589408
1.258926 0.536427
1.584894 0.470187
1.995262 0.396978
2.511887 0.330149
3.162278 0.267977
3.981073 0.213909
5.011873 0.172179
6.309573 0.137264
7.943285 0.110171
10.000001 0.088027
12.589259 0.069082
15.848935 0.055223
19.952623 0.043906
25.118872 0.035418
31.622780 0.026581
39.810734 0.020661
50.118721 0.018353
63.095718 0.009851
79.432869 0.006554
100.000038 0.009786
