0.010000 0.049526
0.012589 0.061965
0.015849 0.077646
0.019953 0.097257
0.025119 0.121727
0.031623 0.151588
0.039811 0.187568
0.050119 0.229743
0.063096 0.277435
0.079433 0.327924
0.100000 0.376250
0.125893 0.415388
0.158489 0.437944
0.199526 0.440244
0.251189 0.425459
0.316228 0.402577
0.398107 0.381061
0.501187 0.366284
0.630957 0.360132
0.794328 0.359432
1.000000 0.358026
1.258926 0.348742
1.584894 0.329365
1.995262 0.298076
2.511887 0.261931
3.162278 0.221743
3.981073 0.182150
5.011873 0.149465
6.309573 0.120608
7.943285 0.097755
10.000001 0.078770
12.589259 0.061960
15.848935 0.049741
19.952623 0.039771
25.118872 0.032196
31.622780 0.024465
39.810734 0.018881
50.118721 0.016844
63.095718 0.009164
79.432869 0.006136
100.000038 0.009060
