0.010000 0.010822
0.012589 0.013411
0.015849 0.016780
0.019953 0.021071
0.025119 0.026626
0.031623 0.033538
0.039811 0.042213
0.050119 0.053020
0.063096 0.066575
0.079433 0.083506
0.100000 0.104596
0.125893 0.130461
0.158489 0.161975
0.199526 0.199564
0.251189 0.243122
0.316228 0.291448
0.398107 0.341934
0.501187 0.389533
0.630957 0.428441
0.794328 0.452735
1.000000 0.457786
1.258926 0.440755
1.584894 0.407239
1.995262 0.360056
2.511887 0.310442
3.162278 0.258945
3.981073 0.210668
5.011873 0.171743
6.309573 0.138000
7.943285 0.111313
10.000001 0.089401
12.589259 0.070184
15.848935 0.056034
19.952623 0.044656
25.118872 0.036065
31.622780 0.027197
39.810734 0.021039
50.118721 0.018522
63.095718 0.010103
79.432869 0.006822
100.000038 0.010028
