0.010000 0.023517
0.012589 0.029381
0.015849 0.036829
0.019953 0.046198
0.025119 0.057994
0.031623 0.072544
0.039811 0.090373
0.050119 0.111805
0.063096 0.137125
0.079433 0.165937
0.100000 0.196920
0.125893 0.227684
0.158489 0.254769
0.199526 0.274748
0.251189 0.285677
0.316228 0.288538
0.398107 0.286578
0.501187 0.283290
0.630957 0.282195
0.794328 0.283742
1.000000 0.285511
1.258926 0.283302
1.584894 0.274981
1.995262 0.257209
2.511887 0.233127
3.162278 0.202792
3.981073 0.170351
5.011873 0.142075
6.309573 0.115886
7.943285 0.094690
10.000001 0.076851
12.589259 0.060703
15.848935 0.048875
19.952623 0.039255
25.118872 0.031907
31.622780 0.024164
39.810734 0.018666
50.118721 0.016594
63.095718 0.009037
79.432869 0.006131
100.000038 0.009100
