0.010000 1.264861
0.012589 1.264442
0.015849 1.264256
0.019953 1.264099
0.025119 1.263470
0.031623 1.262501
0.039811 1.260856
0.050119 1.258278
0.063096 1.254441
0.079433 1.248379
0.100000 1.238302
0.125893 1.223414
0.158489 1.200829
0.199526 1.166113
0.251189 1.115873
0.316228 1.046708
0.398107 0.955305
0.501187 0.838266
0.630957 0.705698
0.794328 0.566989
1.000000 0.432347
1.258926 0.310505
1.584894 0.215183
1.995262 0.142694
2.511887 0.093848
3.162278 0.060023
3.981073 0.037644
5.011873 0.024285
6.309573 0.015728
7.943285 0.010261
10.000001 0.006648
12.589259 0.005689
15.848935 0.004205
19.952623 0.003474
25.118872 0.001830
31.622780 0.004331
39.810734 0.004369
50.118721 0.000921
63.095718 0.004576
79.432869 0.003001
100.000038 0.000183
