0.010000 0.874999
0.012589 0.874261
0.015849 0.873407
0.019953 0.872145
0.025119 0.869932
0.031623 0.866456
0.039811 0.860989
0.050119 0.852609
0.063096 0.840094
0.079433 0.821613
0.100000 0.795043
0.125893 0.759633
0.158489 0.715137
0.199526 0.663082
0.251189 0.607966
0.316228 0.554711
0.398107 0.505805
0.501187 0.459855
0.630957 0.417164
0.794328 0.374876
1.000000 0.329320
1.258926 0.277635
1.584894 0.225912
1.995262 0.173632
2.511887 0.129574
3.162278 0.091392
3.981073 0.061385
5.011873 0.041544
6.309573 0.027373
7.943285 0.018319
10.000001 0.011887
12.589259 0.008193
15.848935 0.005543
19.952623 0.004170
25.118872 0.002289
31.622780 0.004067
39.810734 0.003854
50.118721 0.001131
63.095718 0.004041
79.432869 0.002592
100.000038 0.000059
