0.010000 1.250145
0.012589 1.248301
0.015849 1.245870
0.019953 1.242177
0.025119 1.236041
0.031623 1.226502
0.039811 1.211669
0.050119 1.189210
0.063096 1.156280
0.079433 1.109234
0.100000 1.045074
0.125893 0.965096
0.158489 0.873887
0.199526 0.780216
0.251189 0.695078
0.316228 0.625022
0.398107 0.568775
0.501187 0.518619
0.630957 0.470408
0.794328 0.418693
1.000000 0.359991
1.258926 0.293296
1.584894 0.228511
1.995262 0.167484
2.511887 0.119553
3.162278 0.081061
3.981073 0.052747
5.011873 0.034878
6.309573 0.022561
7.943285 0.014732
10.000001 0.009447
12.589259 0.006828
15.848935 0.004694
19.952623 0.003641
25.118872 0.001950
31.622780 0.004023
39.810734 0.003914
50.118721 0.000952
63.095718 0.004102
79.432869 0.002725
100.000038 0.000053
