0.010000 0.950320
0.012589 0.950050
0.015849 0.949979
0.019953 0.949968
0.025119 0.949670
0.031623 0.949219
0.039811 0.948417
0.050119 0.947175
0.063096 0.945369
0.079433 0.942517
0.100000 0.937584
0.125893 0.930422
0.158489 0.919487
0.199526 0.902168
0.251189 0.876626
0.316228 0.840416
0.398107 0.790410
0.501187 0.721737
0.630957 0.638450
0.794328 0.544316
1.000000 0.443880
1.258926 0.342511
1.584894 0.254455
1.995262 0.179778
2.511887 0.124383
3.162278 0.082496
3.981073 0.052896
5.011873 0.034631
6.309573 0.022458
7.943285 0.014661
10.000001 0.009462
12.589259 0.007167
15.848935 0.004997
19.952623 0.003986
25.118872 0.001992
31.622780 0.004433
39.810734 0.004309
50.118721 0.001181
63.095718 0.004508
79.432869 0.003011
100.000038 0.000119
