0.010000 0.000969
0.012589 0.001157
0.015849 0.001427
0.019953 0.001784
0.025119 0.002266
0.031623 0.002857
0.039811 0.003598
0.050119 0.004512
0.063096 0.005679
0.079433 0.007145
0.100000 0.008994
0.125893 0.011315
0.158489 0.014211
0.199526 0.017835
0.251189 0.022346
0.316228 0.027917
0.398107 0.034743
0.501187 0.042938
0.630957 0.052523
0.794328 0.063292
1.000000 0.074698
1.258926 0.085358
1.584894 0.094075
1.995262 0.098871
2.511887 0.099083
3.162278 0.094040
3.981073 0.084895
5.011873 0.075201
6.309573 0.064469
7.943285 0.055266
10.000001 0.046955
12.589259 0.038437
15.848935 0.032398
19.952623 0.027058
25.118872 0.022956
31.622780 0.017688
39.810734 0.013989
50.118721 0.013095
63.095718 0.006644
79.432869 0.004428
100.000038 0.007653
