0.010000 0.003544
0.012589 0.004414
0.015849 0.005533
0.019953 0.006953
0.025119 0.008771
0.031623 0.011040
0.039811 0.013880
0.050119 0.017418
0.063096 0.021833
0.079433 0.027311
0.100000 0.034031
0.125893 0.042161
0.158489 0.051763
0.199526 0.062713
0.251189 0.074492
0.316228 0.086067
0.398107 0.095853
0.501187 0.101887
0.630957 0.102819
0.794328 0.098516
1.000000 0.089905
1.258926 0.078433
1.584893 0.066623
1.995262 0.055097
2.511887 0.045176
3.162278 0.036372
3.981073 0.028934
5.011873 0.023213
6.309573 0.018492
7.943284 0.014845
10.000000 0.011935
12.589258 0.009474
15.848933 0.007656
19.952621 0.006195
25.118870 0.005052
31.622776 0.003879
39.810730 0.003036
50.118729 0.002724
63.095726 0.001482
79.432838 0.001002
100.000000 0.001502
