0.010000 0.003115
0.012589 0.003878
0.015849 0.004859
0.019953 0.006106
0.025119 0.007704
0.031623 0.009699
0.039811 0.012197
0.050119 0.015307
0.063096 0.019202
0.079433 0.024029
0.100000 0.029984
0.125893 0.037211
0.158489 0.045821
0.199526 0.055746
0.251189 0.066625
0.316228 0.077652
0.398107 0.087477
0.501187 0.094291
0.630957 0.096671
0.794328 0.094100
1.000000 0.087113
1.258926 0.076928
1.584893 0.065916
1.995262 0.054863
2.511887 0.045170
3.162278 0.036483
3.981073 0.029070
5.011873 0.023348
6.309573 0.018613
7.943284 0.014957
10.000000 0.012021
12.589258 0.009539
15.848933 0.007712
19.952621 0.006237
25.118870 0.005091
31.622776 0.003906
39.810730 0.003056
50.118729 0.002743
63.095726 0.001493
79.432838 0.001011
100.000000 0.001513
