0.010000 0.207696
0.012589 0.207656
0.015849 0.207667
0.019953 0.207703
0.025119 0.207690
0.031623 0.207679
0.039811 0.207641
0.050119 0.207591
0.063096 0.207550
0.079433 0.207473
0.100000 0.207247
0.125893 0.207012
0.158489 0.206672
0.199526 0.205984
0.251189 0.204954
0.316228 0.203547
0.398107 0.201440
0.501187 0.197469
0.630957 0.192009
0.794328 0.184532
1.000000 0.173897
1.258926 0.158396
1.584894 0.140212
1.995262 0.118138
2.511887 0.096541
3.162278 0.074328
3.981073 0.054300
5.011873 0.039951
6.309573 0.028230
7.943285 0.020328
10.000001 0.014287
12.589259 0.008859
15.848935 0.005885
19.952623 0.003835
25.118872 0.002458
31.622780 0.002846
39.810734 0.002692
50.118721 0.001059
63.095718 0.003120
79.432869 0.002102
100.000038 0.000127
