0.010000 0.205594
0.012589 0.205521
0.015849 0.205476
0.019953 0.205426
0.025119 0.205290
0.031623 0.205078
0.039811 0.204723
0.050119 0.204168
0.063096 0.203325
0.079433 0.202002
0.100000 0.199850
0.125893 0.196631
0.158489 0.191754
0.199526 0.184362
0.251189 0.173781
0.316228 0.159382
0.398107 0.140922
0.501187 0.118501
0.630957 0.094695
0.794328 0.071939
1.000000 0.052018
1.258926 0.035739
1.584893 0.023982
1.995262 0.015525
2.511887 0.010004
3.162278 0.006236
3.981073 0.003814
5.011873 0.002361
6.309573 0.001471
7.943284 0.000903
10.000000 0.000561
12.589258 0.000536
15.848933 0.000410
19.952621 0.000353
25.118870 0.000214
31.622776 0.000596
39.810730 0.000621
50.118729 0.000091
63.095726 0.000688
79.432838 0.000461
100.000000 0.000007
