0.010000 0.193159
0.012589 0.193092
0.015849 0.193056
0.019953 0.193020
0.025119 0.192907
0.031623 0.192733
0.039811 0.192438
0.050119 0.191980
0.063096 0.191286
0.079433 0.190197
0.100000 0.188406
0.125893 0.185732
0.158489 0.181672
0.199526 0.175457
0.251189 0.166467
0.316228 0.154094
0.398107 0.137910
0.501187 0.117720
0.630957 0.095672
0.794328 0.073927
1.000000 0.054286
1.258926 0.037792
1.584893 0.025611
1.995262 0.016706
2.511887 0.010830
3.162278 0.006775
3.981073 0.004159
5.011873 0.002582
6.309573 0.001607
7.943284 0.000992
10.000000 0.000621
12.589258 0.000568
15.848933 0.000431
19.952621 0.000363
25.118870 0.000222
31.622776 0.000600
39.810730 0.000623
50.118729 0.000093
63.095726 0.000691
79.432838 0.000465
100.000000 0.000006
