0.010000 0.013737
0.012589 0.017062
0.015849 0.021363
0.019953 0.026835
0.025119 0.033885
0.031623 0.042671
0.039811 0.053684
0.050119 0.067410
0.063096 0.084596
0.079433 0.105998
0.100000 0.132533
0.125893 0.164905
0.158489 0.203951
0.199526 0.249793
0.251189 0.301617
0.316228 0.356934
0.398107 0.411157
0.501187 0.457180
0.630957 0.488104
0.794328 0.498901
1.000000 0.487640
1.258926 0.454950
1.584894 0.409544
1.995262 0.354940
2.511887 0.301572
3.162278 0.249037
3.981073 0.201327
5.011873 0.163395
6.309573 0.130992
7.943285 0.105533
10.000001 0.084780
12.589259 0.066773
15.848935 0.053493
19.952623 0.042848
25.118872 0.034705
31.622780 0.026306
39.810734 0.020436
50.118721 0.018108
63.095718 0.009871
79.432869 0.006669
100.000038 0.009862
