0.010000 0.093553
0.012589 0.117169
0.015849 0.146848
0.019953 0.183926
0.025119 0.230028
0.031623 0.286254
0.039811 0.353803
0.050119 0.432672
0.063096 0.521147
0.079433 0.613492
0.100000 0.699255
0.125893 0.763954
0.158489 0.792155
0.199526 0.775992
0.251189 0.720875
0.316228 0.644458
0.398107 0.565602
0.501187 0.496043
0.630957 0.441951
0.794328 0.401409
1.000000 0.368322
1.258926 0.335957
1.584894 0.302103
1.995262 0.264022
2.511887 0.226121
3.162278 0.188094
3.981073 0.152829
5.011873 0.124274
6.309573 0.099910
7.943285 0.080957
10.000001 0.065600
12.589259 0.052483
15.848935 0.042793
19.952623 0.034865
25.118872 0.028728
31.622780 0.022347
39.810734 0.017529
50.118721 0.015817
63.095718 0.008741
79.432869 0.005925
100.000038 0.008737
