0.010000 0.024086
0.012589 0.030005
0.015849 0.037617
0.019953 0.047264
0.025119 0.059612
0.031623 0.075034
0.039811 0.094337
0.050119 0.118350
0.063096 0.148316
0.079433 0.185422
0.100000 0.230948
0.125893 0.285849
0.158489 0.350517
0.199526 0.423879
0.251189 0.502311
0.316228 0.578895
0.398107 0.643472
0.501187 0.683740
0.630957 0.692226
0.794328 0.668257
1.000000 0.616167
1.258926 0.543729
1.584894 0.465940
1.995262 0.387413
2.511887 0.318892
3.162278 0.257190
3.981073 0.204573
5.011873 0.164192
6.309573 0.130744
7.943285 0.104849
10.000001 0.083869
12.589259 0.066084
15.848935 0.052969
19.952623 0.042335
25.118872 0.034241
31.622780 0.025902
39.810734 0.020194
50.118721 0.017943
63.095718 0.009665
79.432869 0.006441
100.000038 0.009701
