0.010000 0.043323
0.012589 0.054223
0.015849 0.068000
0.019953 0.085310
0.025119 0.107001
0.031623 0.133748
0.039811 0.166448
0.050119 0.205654
0.063096 0.251671
0.079433 0.303476
0.100000 0.358128
0.125893 0.410498
0.158489 0.453283
0.199526 0.479041
0.251189 0.483442
0.316228 0.468002
0.398107 0.438829
0.501187 0.403201
0.630957 0.369034
0.794328 0.339592
1.000000 0.314106
1.258926 0.289586
1.584894 0.264863
1.995262 0.236745
2.511887 0.207358
3.162278 0.176011
3.981073 0.145407
5.011873 0.119730
6.309573 0.097056
7.943285 0.079129
10.000001 0.064479
12.589259 0.051683
15.848935 0.042239
19.952623 0.034547
25.118872 0.028547
31.622780 0.022139
39.810734 0.017393
50.118721 0.015615
63.095718 0.008675
79.432869 0.005919
100.000038 0.008811
