0.010000 1.172886
0.012589 1.171534
0.015849 1.169820
0.019953 1.167220
0.025119 1.162838
0.031623 1.155968
0.039811 1.145194
0.050119 1.128679
0.063096 1.103940
0.079433 1.067468
0.100000 1.015324
0.125893 0.945807
0.158489 0.858820
0.199526 0.758197
0.251189 0.653258
0.316228 0.554381
0.398107 0.468240
0.501187 0.395523
0.630957 0.336748
0.794328 0.287744
1.000000 0.243332
1.258926 0.199464
1.584894 0.158955
1.995262 0.120125
2.511887 0.088323
3.162278 0.061310
3.981073 0.040394
5.011873 0.026811
6.309573 0.017272
7.943285 0.011327
10.000001 0.007169
12.589259 0.005119
15.848935 0.003550
19.952623 0.002830
25.118872 0.001519
31.622780 0.003483
39.810734 0.003457
50.118721 0.000845
63.095718 0.003916
79.432869 0.002542
100.000038 0.000020
