0.010000 1.411452
0.012589 1.410918
0.015849 1.410614
0.019953 1.410270
0.025119 1.409329
0.031623 1.407848
0.039811 1.405399
0.050119 1.401553
0.063096 1.395736
0.079433 1.386591
0.100000 1.371694
0.125893 1.349511
0.158489 1.316056
0.199526 1.265549
0.251189 1.193628
0.316228 1.096848
0.398107 0.973836
0.501187 0.825450
0.630957 0.668330
0.794328 0.516460
1.000000 0.380400
1.258926 0.265674
1.584894 0.180412
1.995262 0.117870
2.511887 0.076626
3.162278 0.048497
3.981073 0.030189
5.011873 0.019237
6.309573 0.012379
7.943285 0.007963
10.000001 0.005105
12.589259 0.004657
15.848935 0.003509
19.952623 0.002962
25.118872 0.001602
31.622780 0.004137
39.810734 0.004237
50.118721 0.000792
63.095718 0.004529
79.432869 0.003003
100.000038 0.000138
