0.010000 1.769718
0.012589 1.766222
0.015849 1.761344
0.019953 1.753881
0.025119 1.741699
0.031623 1.722735
0.039811 1.693350
0.050119 1.648848
0.063096 1.583495
0.079433 1.490244
0.100000 1.363605
0.125893 1.205902
0.158489 1.026919
0.199526 0.845505
0.251189 0.684222
0.316228 0.557257
0.398107 0.464615
0.501187 0.395928
0.630957 0.342718
0.794328 0.295795
1.000000 0.249219
1.258926 0.200169
1.584894 0.154263
1.995262 0.111852
2.511887 0.079010
3.162278 0.052760
3.981073 0.033552
5.011873 0.021696
6.309573 0.013640
7.943285 0.008646
10.000001 0.005360
12.589259 0.004086
15.848935 0.002892
19.952623 0.002389
25.118872 0.001271
31.622780 0.003452
39.810734 0.003529
50.118721 0.000701
63.095718 0.003982
79.432869 0.002656
100.000038 -0.000026
