0.010000 1.038101
0.012589 1.037780
0.015849 1.037650
0.019953 1.037572
0.025119 1.037138
0.031623 1.036471
0.039811 1.035316
0.050119 1.033532
0.063096 1.030870
0.079433 1.026693
0.100000 1.019649
0.125893 1.009273
0.158489 0.993477
0.199526 0.968924
0.251189 0.933068
0.316228 0.883007
0.398107 0.815773
0.501187 0.727707
0.630957 0.626002
0.794328 0.517703
1.000000 0.409621
1.258926 0.307490
1.584894 0.223267
1.995262 0.154850
2.511887 0.105604
3.162278 0.069189
3.981073 0.043970
5.011873 0.028488
6.309573 0.018328
7.943285 0.011853
10.000001 0.007612
12.589259 0.005964
15.848935 0.004239
19.952623 0.003410
25.118872 0.001793
31.622780 0.004209
39.810734 0.004195
50.118721 0.000984
63.095718 0.004477
79.432869 0.002958
100.000038 0.000096
