0.010000 0.035509
0.012589 0.044317
0.015849 0.055597
0.019953 0.069860
0.025119 0.088068
0.031623 0.110798
0.039811 0.139241
0.050119 0.174598
0.063096 0.218610
0.079433 0.272877
0.100000 0.339030
0.125893 0.418045
0.158489 0.509599
0.199526 0.610646
0.251189 0.713601
0.316228 0.805412
0.398107 0.868725
0.501187 0.885519
0.630957 0.850528
0.794328 0.772675
1.000000 0.669685
1.258926 0.558334
1.584894 0.457445
1.995262 0.368285
2.511887 0.296379
3.162278 0.235615
3.981073 0.185902
5.011873 0.148218
6.309573 0.117706
7.943285 0.094204
10.000001 0.075553
12.589259 0.060086
15.848935 0.048463
19.952623 0.039192
25.118872 0.031888
31.622780 0.024545
39.810734 0.019259
50.118721 0.017123
63.095718 0.009293
79.432869 0.006217
100.000038 0.009531
