0.010000 0.082936
0.012589 0.103905
0.015849 0.130344
0.019953 0.163531
0.025119 0.205013
0.031623 0.256159
0.039811 0.318599
0.050119 0.393351
0.063096 0.480761
0.079433 0.578552
0.100000 0.680543
0.125893 0.776125
0.158489 0.850312
0.199526 0.887624
0.251189 0.878972
0.316228 0.826929
0.398107 0.743331
0.501187 0.643021
0.630957 0.542712
0.794328 0.451292
1.000000 0.371297
1.258926 0.302155
1.584894 0.244626
1.995262 0.195817
2.511887 0.155821
3.162278 0.122449
3.981073 0.095518
5.011873 0.075039
6.309573 0.059398
7.943285 0.048006
10.000001 0.039737
12.589259 0.033645
15.848935 0.028967
19.952623 0.025131
25.118872 0.021827
31.622780 0.018089
39.810734 0.014847
50.118721 0.013658
63.095718 0.007951
79.432869 0.005497
100.000038 0.008234
