0.010000 0.019565
0.012589 0.024365
0.015849 0.030530
0.019953 0.038365
0.025119 0.048405
0.031623 0.060939
0.039811 0.076625
0.050119 0.096188
0.063096 0.120639
0.079433 0.150983
0.100000 0.188406
0.125893 0.233791
0.158489 0.287905
0.199526 0.350252
0.251189 0.418606
0.316228 0.487904
0.398107 0.549604
0.501187 0.592475
0.630957 0.607429
0.794328 0.591232
1.000000 0.547349
1.258926 0.483340
1.584894 0.414156
1.995262 0.344707
2.511887 0.283834
3.162278 0.229220
3.981073 0.182646
5.011873 0.146698
6.309573 0.116974
7.943285 0.093973
10.000001 0.075538
12.589259 0.059950
15.848935 0.048411
19.952623 0.039231
25.118872 0.031983
31.622780 0.024525
39.810734 0.019231
50.118721 0.017278
63.095718 0.009407
79.432869 0.006363
100.000038 0.009531
