0.010000 0.181605
0.012589 0.227569
0.015849 0.285256
0.019953 0.357263
0.025119 0.446633
0.031623 0.555580
0.039811 0.686271
0.050119 0.838526
0.063096 1.008569
0.079433 1.184626
0.100000 1.345267
0.125893 1.461085
0.158489 1.500579
0.199526 1.447487
0.251189 1.311704
0.316228 1.128220
0.398107 0.934683
0.501187 0.755560
0.630957 0.605587
0.794328 0.485363
1.000000 0.388915
1.258926 0.310388
1.584894 0.247578
1.995262 0.195916
2.511887 0.154502
3.162278 0.120796
3.981073 0.094186
5.011873 0.073892
6.309573 0.058513
7.943285 0.047362
10.000001 0.039261
12.589259 0.033527
15.848935 0.028895
19.952623 0.025053
25.118872 0.021790
31.622780 0.018112
39.810734 0.014825
50.118721 0.013762
63.095718 0.007896
79.432869 0.005503
100.000038 0.008089
