0.010000 2.808879
0.012589 2.802059
0.015849 2.792296
0.019953 2.777271
0.025119 2.753015
0.031623 2.715204
0.039811 2.656713
0.050119 2.568122
0.063096 2.437928
0.079433 2.252260
0.100000 2.000669
0.125893 1.687509
0.158489 1.332979
0.199526 0.976087
0.251189 0.662510
0.316228 0.421725
0.398107 0.256296
0.501187 0.150548
0.630957 0.087336
0.794328 0.049998
1.000000 0.027676
1.258926 0.013916
1.584894 0.005768
1.995262 0.000589
2.511887 -0.002075
3.162278 -0.003844
3.981073 -0.004839
5.011873 -0.004670
6.309573 -0.004201
7.943285 -0.003527
10.000001 -0.002813
12.589259 -0.001398
15.848935 -0.000712
19.952623 -0.000114
25.118872 -0.000086
31.622780 0.002310
39.810734 0.002759
50.118721 0.000198
63.095718 0.003742
79.432869 0.002519
100.000038 -0.000183
