0.010000 1.768658
0.012589 1.766081
0.015849 1.762648
0.019953 1.757383
0.025119 1.748659
0.031623 1.734988
0.039811 1.713603
0.050119 1.680824
0.063096 1.631634
0.079433 1.559174
0.100000 1.455885
0.125893 1.318155
0.158489 1.146182
0.199526 0.948428
0.251189 0.743844
0.316228 0.553721
0.398107 0.393110
0.501187 0.266857
0.630957 0.175918
0.794328 0.113481
1.000000 0.071355
1.258926 0.043123
1.584894 0.025040
1.995262 0.013111
2.511887 0.005822
3.162278 0.001146
3.981073 -0.001588
5.011873 -0.002655
6.309573 -0.002929
7.943285 -0.002658
10.000001 -0.002267
12.589259 -0.001029
15.848935 -0.000436
19.952623 0.000149
25.118872 -0.000020
31.622780 0.002316
39.810734 0.002662
50.118721 0.000272
63.095718 0.003664
79.432869 0.002443
100.000038 -0.000058
