0.010000 1.213651
0.012589 1.213228
0.015849 1.213006
0.019953 1.212781
0.025119 1.212065
0.031623 1.210977
0.039811 1.209118
0.050119 1.206243
0.063096 1.201877
0.079433 1.195046
0.100000 1.183781
0.125893 1.166977
0.158489 1.141460
0.199526 1.102435
0.251189 1.045952
0.316228 0.968190
0.398107 0.866499
0.501187 0.739647
0.630957 0.601107
0.794328 0.464476
1.000000 0.341102
1.258926 0.237446
1.584894 0.160892
1.995262 0.104994
2.511887 0.068046
3.162278 0.042574
3.981073 0.026118
5.011873 0.016201
6.309573 0.010069
7.943285 0.006238
10.000001 0.003912
12.589259 0.003559
15.848935 0.002722
19.952623 0.002258
25.118872 0.001394
31.622780 0.003760
39.810734 0.003967
50.118721 0.000590
63.095718 0.004415
79.432869 0.002853
100.000038 0.000049
