0.010000 1.704623
0.012589 1.703877
0.015849 1.703321
0.019953 1.702629
0.025119 1.701034
0.031623 1.698540
0.039811 1.694478
0.050119 1.688091
0.063096 1.678326
0.079433 1.663013
0.100000 1.638479
0.125893 1.601711
0.158489 1.546508
0.199526 1.464419
0.251189 1.349140
0.316228 1.197123
0.398107 1.010902
0.501187 0.799817
0.630957 0.593591
0.794328 0.415402
1.000000 0.276506
1.258926 0.176011
1.584894 0.110869
1.995262 0.068223
2.511887 0.042182
3.162278 0.025444
3.981073 0.015279
5.011873 0.009141
6.309573 0.005681
7.943285 0.003368
10.000001 0.002018
12.589259 0.002592
15.848935 0.002118
19.952623 0.001939
25.118872 0.001145
31.622780 0.003750
39.810734 0.003974
50.118721 0.000533
63.095718 0.004437
79.432869 0.003007
100.000038 0.000049
